xof 0303txt 0032

// DirectX 9.0 file
// Creator: Ultimate Unwrap3D Pro v3.15
// Time: Wed Jul 08 10:38:33 2009

// Start of Templates

template VertexDuplicationIndices {
 <b8d65549-d7c9-4995-89cf-53a9a8b031e3>
 DWORD nIndices;
 DWORD nOriginalVertices;
 array DWORD indices[nIndices];
}

template FVFData {
 <b6e70a0e-8ef9-4e83-94ad-ecc8b0c04897>
 DWORD dwFVF;
 DWORD nDWords;
 array DWORD data[nDWords];
}

template Header {
 <3D82AB43-62DA-11cf-AB39-0020AF71E433>
 WORD major;
 WORD minor;
 DWORD flags;
}

template Vector {
 <3D82AB5E-62DA-11cf-AB39-0020AF71E433>
 FLOAT x;
 FLOAT y;
 FLOAT z;
}

template Coords2d {
 <F6F23F44-7686-11cf-8F52-0040333594A3>
 FLOAT u;
 FLOAT v;
}

template Matrix4x4 {
 <F6F23F45-7686-11cf-8F52-0040333594A3>
 array FLOAT matrix[16];
}

template ColorRGBA {
 <35FF44E0-6C7C-11cf-8F52-0040333594A3>
 FLOAT red;
 FLOAT green;
 FLOAT blue;
 FLOAT alpha;
}

template ColorRGB {
 <D3E16E81-7835-11cf-8F52-0040333594A3>
 FLOAT red;
 FLOAT green;
 FLOAT blue;
}

template IndexedColor {
 <1630B820-7842-11cf-8F52-0040333594A3>
 DWORD index;
 ColorRGBA indexColor;
}

template Material {
 <3D82AB4D-62DA-11cf-AB39-0020AF71E433>
 ColorRGBA faceColor;
 FLOAT power;
 ColorRGB specularColor;
 ColorRGB emissiveColor;
 [...]
}

template TextureFilename {
 <A42790E1-7810-11cf-8F52-0040333594A3>
 STRING filename;
}

template MeshFace {
 <3D82AB5F-62DA-11cf-AB39-0020AF71E433>
 DWORD nFaceVertexIndices;
 array DWORD faceVertexIndices[nFaceVertexIndices];
}

template MeshTextureCoords {
 <F6F23F40-7686-11cf-8F52-0040333594A3>
 DWORD nTextureCoords;
 array Coords2d textureCoords[nTextureCoords];
}

template MeshMaterialList {
 <F6F23F42-7686-11cf-8F52-0040333594A3>
 DWORD nMaterials;
 DWORD nFaceIndexes;
 array DWORD faceIndexes[nFaceIndexes];
 [Material]
}

template MeshNormals {
 <F6F23F43-7686-11cf-8F52-0040333594A3>
 DWORD nNormals;
 array Vector normals[nNormals];
 DWORD nFaceNormals;
 array MeshFace faceNormals[nFaceNormals];
}

template MeshVertexColors {
 <1630B821-7842-11cf-8F52-0040333594A3>
 DWORD nVertexColors;
 array IndexedColor vertexColors[nVertexColors];
}

template Mesh {
 <3D82AB44-62DA-11cf-AB39-0020AF71E433>
 DWORD nVertices;
 array Vector vertices[nVertices];
 DWORD nFaces;
 array MeshFace faces[nFaces];
 [...]
}

template FrameTransformMatrix {
 <F6F23F41-7686-11cf-8F52-0040333594A3>
 Matrix4x4 frameMatrix;
}

template Frame {
 <3D82AB46-62DA-11cf-AB39-0020AF71E433>
 [...]
}

template FloatKeys {
 <10DD46A9-775B-11cf-8F52-0040333594A3>
 DWORD nValues;
 array FLOAT values[nValues];
}

template TimedFloatKeys {
 <F406B180-7B3B-11cf-8F52-0040333594A3>
 DWORD time;
 FloatKeys tfkeys;
}

template AnimationKey {
 <10DD46A8-775B-11cf-8F52-0040333594A3>
 DWORD keyType;
 DWORD nKeys;
 array TimedFloatKeys keys[nKeys];
}

template AnimationOptions {
 <E2BF56C0-840F-11cf-8F52-0040333594A3>
 DWORD openclosed;
 DWORD positionquality;
}

template Animation {
 <3D82AB4F-62DA-11cf-AB39-0020AF71E433>
 [...]
}

template AnimationSet {
 <3D82AB50-62DA-11cf-AB39-0020AF71E433>
 [Animation]
}

template XSkinMeshHeader {
 <3CF169CE-FF7C-44ab-93C0-F78F62D172E2>
 WORD nMaxSkinWeightsPerVertex;
 WORD nMaxSkinWeightsPerFace;
 WORD nBones;
}

template SkinWeights {
 <6F0D123B-BAD2-4167-A0D0-80224F25FABB>
 STRING transformNodeName;
 DWORD nWeights;
 array DWORD vertexIndices[nWeights];
 array FLOAT weights[nWeights];
 Matrix4x4 matrixOffset;
}

template AnimTicksPerSecond {
 <9E415A43-7BA6-4a73-8743-B73D47E88476>
 DWORD AnimTicksPerSecond;
}

AnimTicksPerSecond {
 30;
}

// Start of Frames

   Frame U3DMesh {
      FrameTransformMatrix {
       1.000000, 0.000000, 0.000000, 0.000000,
       0.000000, 1.000000, 0.000000, 0.000000,
       0.000000, 0.000000, 1.000000, 0.000000,
       0.000000, 0.000000, 0.000000, 1.000000;;
      }

   }
   Frame rootU3D {
      FrameTransformMatrix {
       1.000000, 0.000000, 0.000000, 0.000000,
       0.000000, 1.000000, 0.000000, 0.000000,
       0.000000, 0.000000, 1.000000, 0.000000,
       0.000000, 0.000000, 0.000000, 1.000000;;
      }

      Frame Biped_Skeleton_Biped_Skeleton {
         FrameTransformMatrix {
          1.000000, 0.000000, 0.000000, 0.000000,
          0.000000, 1.000000, 0.000000, 0.000000,
          0.000000, 0.000000, 1.000000, 0.000000,
          0.595697, 0.266060, -2.859090, 1.000000;;
         }

         Frame Biped_Skeleton_GlobalSRT {
            FrameTransformMatrix {
             1.000000, 0.000000, 0.000000, 0.000000,
             0.000000, 1.000000, 0.000000, 0.000000,
             0.000000, 0.000000, 1.000000, 0.000000,
             0.000000, 0.000000, 0.000000, 1.000000;;
            }

            Frame Biped_Skeleton_UpperBody {
               FrameTransformMatrix {
                1.000000, 0.000000, 0.000000, 0.000000,
                0.000000, 1.000000, 0.000000, 0.000000,
                0.000000, 0.000000, 1.000000, 0.000000,
                0.000000, 41.268501, -1.843730, 1.000000;;
               }

               Frame Biped_Skeleton_SpineRoot {
                  FrameTransformMatrix {
                   0.000000, 0.000000, -1.000000, 0.000000,
                   0.000000, 1.000000, 0.000000, 0.000000,
                   1.000000, 0.000000, 0.000000, 0.000000,
                   0.000000, 1.663200, -0.446402, 1.000000;;
                  }

                  Frame Biped_Skeleton_Spine1 {
                     FrameTransformMatrix {
                      0.103790, 0.994599, -0.000000, 0.000000,
                      -0.994599, 0.103790, 0.000000, 0.000000,
                      0.000000, 0.000000, 1.000000, 0.000000,
                      -0.000000, 0.000000, -0.000000, 1.000000;;
                     }

                     Frame Biped_Skeleton_Spine2 {
                        FrameTransformMatrix {
                         0.997075, 0.076424, 0.000000, 0.000000,
                         -0.076424, 0.997075, -0.000000, 0.000000,
                         -0.000000, 0.000000, 1.000000, 0.000000,
                         2.969991, -0.000000, 0.000000, 1.000000;;
                        }

                        Frame Biped_Skeleton_Spine3 {
                           FrameTransformMatrix {
                            0.995302, 0.096814, 0.000000, 0.000000,
                            -0.096814, 0.995302, -0.000000, 0.000000,
                            -0.000000, 0.000000, 1.000000, 0.000000,
                            2.968151, 0.000000, 0.000000, 1.000000;;
                           }

                           Frame Biped_Skeleton_Chest {
                              FrameTransformMatrix {
                               0.997043, 0.076852, -0.000000, 0.000000,
                               -0.076852, 0.997043, 0.000000, 0.000000,
                               0.000000, -0.000000, 1.000000, 0.000000,
                               2.969740, -0.000000, -0.000000, 1.000000;;
                              }

                              Frame Biped_Skeleton_ChestEffector {
                                 FrameTransformMatrix {
                                  1.000000, 0.000000, -0.000000, 0.000000,
                                  -0.000000, 1.000000, 0.000000, 0.000000,
                                  0.000000, -0.000000, 1.000000, 0.000000,
                                  8.203731, -0.000000, 0.000000, 1.000000;;
                                 }

                                 Frame Biped_Skeleton_RShoulderRoot {
                                    FrameTransformMatrix {
                                     0.145979, 0.989288, 0.000000, 0.000000,
                                     0.000000, 0.000000, -1.000000, 0.000000,
                                     -0.989288, 0.145979, 0.000000, 0.000000,
                                     -0.218539, -0.495430, -1.910460, 1.000000;;
                                    }

                                    Frame Biped_Skeleton_RShoulder {
                                       FrameTransformMatrix {
                                        0.099058, 0.995022, -0.010889, 0.000000,
                                        0.995080, -0.099063, 0.000018, 0.000000,
                                        -0.001061, -0.010837, -0.999941, 0.000000,
                                        0.000000, 0.000000, 0.000000, 1.000000;;
                                       }

                                       Frame Biped_Skeleton_eff {
                                          FrameTransformMatrix {
                                           1.000000, 0.000000, 0.000000, 0.000000,
                                           -0.000000, 1.000000, 0.000000, 0.000000,
                                           -0.000000, -0.000000, 1.000000, 0.000000,
                                           4.781260, -0.000000, -0.000002, 1.000000;;
                                          }

                                          Frame Biped_Skeleton_RRoot {
                                             FrameTransformMatrix {
                                              0.099057, 0.995082, -0.001057, 0.000000,
                                              0.995021, -0.099063, -0.010838, 0.000000,
                                              -0.010889, 0.000022, -0.999941, 0.000000,
                                              0.000000, 0.000000, -0.000002, 1.000000;;
                                             }

                                             Frame Biped_Skeleton_RBicep {
                                                FrameTransformMatrix {
                                                 -0.098274, 0.994977, 0.019100, 0.000000,
                                                 0.995157, 0.098292, -0.000018, 0.000000,
                                                 -0.001895, 0.019006, -0.999818, 0.000000,
                                                 0.000000, 0.000000, 0.000001, 1.000000;;
                                                }

                                                Frame Biped_Skeleton_RForearm {
                                                   FrameTransformMatrix {
                                                    0.991348, 0.131193, 0.004280, 0.000000,
                                                    -0.131194, 0.991357, -0.000037, 0.000000,
                                                    -0.004247, -0.000525, 0.999991, 0.000000,
                                                    12.216900, 0.000000, -0.000001, 1.000000;;
                                                   }

                                                   Frame Biped_Skeleton_eff14 {
                                                      FrameTransformMatrix {
                                                       1.000000, -0.000000, -0.000000, 0.000000,
                                                       0.000000, 1.000000, 0.000000, 0.000000,
                                                       0.000000, -0.000000, 1.000000, 0.000000,
                                                       12.822899, -0.000001, 0.000001, 1.000000;;
                                                      }

                                                      Frame Biped_Skeleton_RHandRoot {
                                                         FrameTransformMatrix {
                                                          -0.999344, 0.033082, -0.014753, 0.000000,
                                                          0.014677, -0.002531, -0.999887, 0.000000,
                                                          -0.033115, -0.999450, 0.002044, 0.000000,
                                                          -0.000000, -0.000000, 0.000001, 1.000000;;
                                                         }

                                                         Frame Biped_Skeleton_RHand {
                                                            FrameTransformMatrix {
                                                             -0.996054, 0.057135, 0.067923, 0.000000,
                                                             0.057264, 0.998359, -0.000052, 0.000000,
                                                             -0.067814, 0.003838, -0.997691, 0.000000,
                                                             0.000001, -0.000001, -0.000000, 1.000000;;
                                                            }

                                                            Frame Biped_Skeleton_eff8 {
                                                               FrameTransformMatrix {
                                                                1.000000, 0.000000, 0.000000, 0.000000,
                                                                -0.000000, 1.000000, -0.000000, 0.000000,
                                                                -0.000000, 0.000000, 1.000000, 0.000000,
                                                                3.685399, -0.000001, 0.000000, 1.000000;;
                                                               }

                                                               Frame Biped_Skeleton_RPinkyRoot {
                                                                  FrameTransformMatrix {
                                                                   -0.996054, 0.057257, -0.067814, 0.000000,
                                                                   0.057129, 0.998359, 0.003831, 0.000000,
                                                                   0.067922, -0.000058, -0.997691, 0.000000,
                                                                   -0.177520, 0.276738, -1.269510, 1.000000;;
                                                                  }

                                                                  Frame Biped_Skeleton_RPinky1 {
                                                                     FrameTransformMatrix {
                                                                      -0.939095, -0.166095, -0.300854, 0.000000,
                                                                      0.174165, -0.984717, -0.000003, 0.000000,
                                                                      -0.296255, -0.052401, 0.953670, 0.000000,
                                                                      -0.000002, 0.000002, 0.000000, 1.000000;;
                                                                     }

                                                                  }
                                                               }
                                                               Frame Biped_Skeleton_RRingRoot {
                                                                  FrameTransformMatrix {
                                                                   -0.996054, 0.057257, -0.067814, 0.000000,
                                                                   0.057129, 0.998359, 0.003831, 0.000000,
                                                                   0.067922, -0.000058, -0.997691, 0.000000,
                                                                   0.092286, -0.125000, -0.380407, 1.000000;;
                                                                  }

                                                                  Frame Biped_Skeleton_RRing1 {
                                                                     FrameTransformMatrix {
                                                                      -0.255074, 0.958709, 0.125766, 0.000000,
                                                                      -0.966378, -0.257117, 0.000019, 0.000000,
                                                                      0.032355, -0.121533, 0.992060, 0.000000,
                                                                      0.000000, 0.000001, 0.000000, 1.000000;;
                                                                     }

                                                                     Frame Biped_Skeleton_RRing2 {
                                                                        FrameTransformMatrix {
                                                                         1.000000, -0.000000, 0.000000, 0.000000,
                                                                         0.000000, 1.000000, -0.000000, 0.000000,
                                                                         -0.000000, 0.000000, 1.000000, 0.000000,
                                                                         0.975732, -0.000003, -0.000001, 1.000000;;
                                                                        }

                                                                        Frame Biped_Skeleton_RRing3 {
                                                                           FrameTransformMatrix {
                                                                            -0.451392, -0.892327, -0.000000, 0.000000,
                                                                            -0.892325, 0.451391, 0.000000, 0.000000,
                                                                            -0.000000, 0.000000, -1.000000, 0.000000,
                                                                            0.788857, -0.000002, -0.000000, 1.000000;;
                                                                           }

                                                                        }
                                                                     }
                                                                  }
                                                               }
                                                               Frame Biped_Skeleton_RMiddleRoot {
                                                                  FrameTransformMatrix {
                                                                   -0.996054, 0.057257, -0.067814, 0.000000,
                                                                   0.057129, 0.998359, 0.003831, 0.000000,
                                                                   0.067922, -0.000058, -0.997691, 0.000000,
                                                                   0.259245, -0.193935, 0.303914, 1.000000;;
                                                                  }

                                                                  Frame Biped_Skeleton_RMiddle1 {
                                                                     FrameTransformMatrix {
                                                                      -0.462894, 0.886417, 0.000000, 0.000000,
                                                                      -0.886413, -0.462892, -0.000000, 0.000000,
                                                                      0.000000, -0.000000, 1.000000, 0.000000,
                                                                      -0.000001, -0.000002, -0.000000, 1.000000;;
                                                                     }

                                                                     Frame Biped_Skeleton_RMiddle2 {
                                                                        FrameTransformMatrix {
                                                                         0.233931, -0.972256, 0.000000, 0.000000,
                                                                         0.972250, 0.233930, -0.000000, 0.000000,
                                                                         0.000000, 0.000000, 1.000000, 0.000000,
                                                                         1.080965, 0.000003, -0.000001, 1.000000;;
                                                                        }

                                                                        Frame Biped_Skeleton_RMiddle3 {
                                                                           FrameTransformMatrix {
                                                                            0.368162, -0.929765, 0.000000, 0.000000,
                                                                            -0.929760, -0.368160, 0.000000, 0.000000,
                                                                            -0.000000, -0.000000, -1.000000, 0.000000,
                                                                            0.953672, -0.000000, -0.000000, 1.000000;;
                                                                           }

                                                                        }
                                                                     }
                                                                  }
                                                               }
                                                               Frame Biped_Skeleton_RIndexRoot {
                                                                  FrameTransformMatrix {
                                                                   -0.996054, 0.057257, -0.067814, 0.000000,
                                                                   0.057129, 0.998359, 0.003831, 0.000000,
                                                                   0.067922, -0.000058, -0.997691, 0.000000,
                                                                   0.187802, -0.278327, 1.207381, 1.000000;;
                                                                  }

                                                                  Frame Biped_Skeleton_RIndex1 {
                                                                     FrameTransformMatrix {
                                                                      -0.460475, 0.884002, -0.080674, 0.000000,
                                                                      -0.886888, -0.461979, -0.000006, 0.000000,
                                                                      -0.037275, 0.071546, 0.996741, 0.000000,
                                                                      -0.000002, 0.000001, 0.000000, 1.000000;;
                                                                     }

                                                                     Frame Biped_Skeleton_RIndex2 {
                                                                        FrameTransformMatrix {
                                                                         0.563489, -0.825619, -0.028911, 0.000000,
                                                                         0.825961, 0.563723, -0.000017, 0.000000,
                                                                         0.016312, -0.023870, 0.999582, 0.000000,
                                                                         1.052939, -0.000002, -0.000000, 1.000000;;
                                                                        }

                                                                        Frame Biped_Skeleton_RIndex3 {
                                                                           FrameTransformMatrix {
                                                                            0.139928, -0.990165, -0.000000, 0.000000,
                                                                            -0.990160, -0.139927, 0.000000, 0.000000,
                                                                            -0.000000, -0.000000, -1.000000, 0.000000,
                                                                            0.782927, 0.000002, 0.000000, 1.000000;;
                                                                           }

                                                                        }
                                                                     }
                                                                  }
                                                               }
                                                               Frame Biped_Skeleton_RThumbRoot {
                                                                  FrameTransformMatrix {
                                                                   -0.996054, 0.057257, -0.067814, 0.000000,
                                                                   0.057129, 0.998359, 0.003831, 0.000000,
                                                                   0.067922, -0.000058, -0.997691, 0.000000,
                                                                   -1.902191, 0.451863, 1.561620, 1.000000;;
                                                                  }

                                                                  Frame Biped_Skeleton_RThumb1 {
                                                                     FrameTransformMatrix {
                                                                      -0.783725, 0.304429, -0.541385, 0.000000,
                                                                      -0.362085, -0.932144, 0.000007, 0.000000,
                                                                      -0.504648, 0.196033, 0.840775, 0.000000,
                                                                      -0.000001, 0.000001, -0.000000, 1.000000;;
                                                                     }

                                                                     Frame Biped_Skeleton_RThumb2 {
                                                                        FrameTransformMatrix {
                                                                         0.985585, -0.106512, 0.131441, 0.000000,
                                                                         0.107443, 0.994211, 0.000006, 0.000000,
                                                                         -0.130681, 0.014116, 0.991324, 0.000000,
                                                                         1.167189, 0.000004, 0.000001, 1.000000;;
                                                                        }

                                                                     }
                                                                  }
                                                               }
                                                            }
                                                         }
                                                      }
                                                   }
                                                }
                                             }
                                          }
                                       }
                                    }
                                 }
                                 Frame Biped_Skeleton_LShoulderRoot {
                                    FrameTransformMatrix {
                                     0.000000, -0.000000, 1.000000, 0.000000,
                                     -0.145928, -0.989295, -0.000000, 0.000000,
                                     0.989296, -0.145928, 0.000000, 0.000000,
                                     -0.218539, -0.495430, 1.910460, 1.000000;;
                                    }

                                    Frame Biped_Skeleton_LShoulder {
                                       FrameTransformMatrix {
                                        0.995028, -0.098999, 0.010875, 0.000000,
                                        0.099004, 0.995087, 0.000051, 0.000000,
                                        -0.010827, 0.001026, 0.999941, 0.000000,
                                        0.000000, -0.000000, -0.000002, 1.000000;;
                                       }

                                       Frame Biped_Skeleton_eff1 {
                                          FrameTransformMatrix {
                                           1.000000, -0.000000, -0.000000, 0.000000,
                                           0.000000, 1.000000, -0.000000, 0.000000,
                                           0.000000, 0.000000, 1.000000, 0.000000,
                                           4.781260, -0.000000, -0.000001, 1.000000;;
                                          }

                                          Frame Biped_Skeleton_LRoot {
                                             FrameTransformMatrix {
                                              0.995028, 0.099004, -0.010827, 0.000000,
                                              -0.098999, 0.995087, 0.001026, 0.000000,
                                              0.010875, 0.000051, 0.999941, 0.000000,
                                              -0.000000, -0.000000, -0.000001, 1.000000;;
                                             }

                                             Frame Biped_Skeleton_LBicep {
                                                FrameTransformMatrix {
                                                 0.994977, 0.098262, -0.019126, 0.000000,
                                                 -0.098279, 0.995159, 0.000026, 0.000000,
                                                 0.019036, 0.001854, 0.999817, 0.000000,
                                                 0.000000, -0.000000, -0.000001, 1.000000;;
                                                }

                                                Frame Biped_Skeleton_LForearm {
                                                   FrameTransformMatrix {
                                                    0.991348, -0.131193, 0.004280, 0.000000,
                                                    0.131194, 0.991357, 0.000037, 0.000000,
                                                    -0.004247, 0.000525, 0.999991, 0.000000,
                                                    12.216899, 0.000000, 0.000000, 1.000000;;
                                                   }

                                                   Frame Biped_Skeleton_eff15 {
                                                      FrameTransformMatrix {
                                                       1.000000, -0.000000, -0.000000, 0.000000,
                                                       0.000000, 1.000000, -0.000000, 0.000000,
                                                       0.000000, 0.000000, 1.000000, 0.000000,
                                                       12.822900, -0.000000, 0.000003, 1.000000;;
                                                      }

                                                      Frame Biped_Skeleton_LHandRoot {
                                                         FrameTransformMatrix {
                                                          0.999344, 0.033082, 0.014753, 0.000000,
                                                          -0.014677, -0.002531, 0.999888, 0.000000,
                                                          0.033115, -0.999449, -0.002044, 0.000000,
                                                          0.000001, -0.000000, -0.000001, 1.000000;;
                                                         }

                                                         Frame Biped_Skeleton_LHand {
                                                            FrameTransformMatrix {
                                                             0.978566, -0.194411, -0.067918, 0.000000,
                                                             0.194861, 0.980831, 0.000000, 0.000000,
                                                             0.066616, -0.013235, 0.997691, 0.000000,
                                                             0.000005, 0.000001, 0.000000, 1.000000;;
                                                            }

                                                            Frame Biped_Skeleton_eff2 {
                                                               FrameTransformMatrix {
                                                                1.000000, -0.000000, -0.000000, 0.000000,
                                                                0.000000, 1.000000, -0.000000, 0.000000,
                                                                0.000000, 0.000000, 1.000000, 0.000000,
                                                                3.685397, -0.000000, -0.000000, 1.000000;;
                                                               }

                                                               Frame Biped_Skeleton_LThumbRoot {
                                                                  FrameTransformMatrix {
                                                                   0.996053, 0.057262, 0.067814, 0.000000,
                                                                   -0.057133, 0.998359, -0.003835, 0.000000,
                                                                   -0.067923, -0.000054, 0.997691, 0.000000,
                                                                   -1.902188, -0.451863, 1.561620, 1.000000;;
                                                                  }

                                                                  Frame Biped_Skeleton_LThumb1 {
                                                                     FrameTransformMatrix {
                                                                      0.939473, -0.242882, 0.241659, 0.000000,
                                                                      0.250297, 0.968169, 0.000014, 0.000000,
                                                                      -0.233970, 0.060474, 0.970361, 0.000000,
                                                                      -0.000001, 0.000001, -0.000000, 1.000000;;
                                                                     }

                                                                  }
                                                               }
                                                            }
                                                         }
                                                      }
                                                   }
                                                }
                                             }
                                          }
                                       }
                                    }
                                 }
                                 Frame Biped_Skeleton_SpineRoot1 {
                                    FrameTransformMatrix {
                                     -0.145965, -0.989290, 0.000000, 0.000000,
                                     0.989290, -0.145965, -0.000000, 0.000000,
                                     0.000000, 0.000000, 1.000000, 0.000000,
                                     -0.000000, 0.000002, 0.000000, 1.000000;;
                                    }

                                    Frame Biped_Skeleton_Spine4 {
                                       FrameTransformMatrix {
                                        0.049791, 0.998760, -0.000000, 0.000000,
                                        -0.998760, 0.049791, 0.000000, 0.000000,
                                        0.000000, -0.000000, 1.000000, 0.000000,
                                        0.000000, 0.000005, 0.000000, 1.000000;;
                                       }

                                       Frame Biped_Skeleton_Spine5 {
                                          FrameTransformMatrix {
                                           0.999932, 0.011658, -0.000000, 0.000000,
                                           -0.011658, 0.999932, 0.000000, 0.000000,
                                           0.000000, -0.000000, 1.000000, 0.000000,
                                           1.916542, 0.000000, 0.000000, 1.000000;;
                                          }

                                          Frame Biped_Skeleton_Spine6 {
                                             FrameTransformMatrix {
                                              0.999930, 0.011841, 0.000000, 0.000000,
                                              -0.011841, 0.999930, -0.000000, 0.000000,
                                              -0.000000, 0.000000, 1.000000, 0.000000,
                                              1.916524, -0.000000, 0.000000, 1.000000;;
                                             }

                                             Frame Biped_Skeleton_Chest1 {
                                                FrameTransformMatrix {
                                                 0.999966, 0.008240, 0.000000, 0.000000,
                                                 -0.008240, 0.999966, 0.000000, 0.000000,
                                                 -0.000000, -0.000000, 1.000000, 0.000000,
                                                 1.916520, -0.000000, -0.000000, 1.000000;;
                                                }

                                             }
                                          }
                                       }
                                    }
                                 }
                              }
                           }
                        }
                     }
                  }
               }
               Frame Biped_Skeleton_LRoot1 {
                  FrameTransformMatrix {
                   1.000000, 0.000000, 0.000000, 0.000000,
                   0.000000, 1.000000, 0.000000, 0.000000,
                   0.000000, 0.000000, 1.000000, 0.000000,
                   3.485070, -2.494789, 0.669603, 1.000000;;
                  }

                  Frame Biped_Skeleton_LThigh {
                     FrameTransformMatrix {
                      0.015832, -0.993900, 0.109147, 0.000000,
                      0.000010, -0.109161, -0.994024, 0.000000,
                      0.999876, 0.015738, -0.001718, 0.000000,
                      0.000000, 0.000000, 0.000000, 1.000000;;
                     }

                     Frame Biped_Skeleton_LShin {
                        FrameTransformMatrix {
                         0.972462, 0.232998, 0.005175, 0.000000,
                         -0.004769, -0.002302, 0.999985, 0.000000,
                         0.233007, -0.972475, -0.001127, 0.000000,
                         19.089298, -0.000000, 0.000000, 1.000000;;
                        }

                        Frame Biped_Skeleton_eff16 {
                           FrameTransformMatrix {
                            1.000000, 0.000000, -0.000000, 0.000000,
                            -0.000000, 1.000000, -0.000000, 0.000000,
                            0.000000, 0.000000, 1.000000, 0.000000,
                            15.916100, -0.000000, -0.000000, 1.000000;;
                           }

                           Frame Biped_Skeleton_LFootRoot {
                              FrameTransformMatrix {
                               0.054817, -0.020348, -0.998288, 0.000000,
                               -0.992730, 0.106193, -0.056676, 0.000000,
                               0.107164, 0.994138, -0.014379, 0.000000,
                               -0.000000, -0.000000, -0.000000, 1.000000;;
                              }

                              Frame Biped_Skeleton_LFootBone1 {
                                 FrameTransformMatrix {
                                  -0.859162, -0.511086, 0.025127, 0.000000,
                                  0.511248, -0.859434, -0.000009, 0.000000,
                                  0.021600, 0.012838, 0.999684, 0.000000,
                                  -0.000000, 0.000000, 0.000000, 1.000000;;
                                 }

